PIXEL(-2.00, 2.00, 1.00)
PIXEL(-1.00, 2.00, 1.00)
PIXEL(0.00, 2.00, 1.00)
PIXEL(1.00, 2.00, 1.00)
PIXEL(2.00, 2.00, 1.00)

PIXEL(-2.00, 1.00, 1.00)
PIXEL(-1.00, 1.00, 1.00)
PIXEL(0.00, 1.00, 1.00)
PIXEL(1.00, 1.00, 1.00)
PIXEL(2.00, 1.00, 1.00)

PIXEL(-2.00, 0.00, 1.00)
PIXEL(-1.00, 0.00, 1.00)
PIXEL(0.00, 0.00, 1.00)
PIXEL(1.00, 0.00, 1.00)
PIXEL(2.00, 0.00, 1.00)

PIXEL(-2.00, -1.00, 1.00)
PIXEL(-1.00, -1.00, 1.00)
PIXEL(0.00, -1.00, 1.00)
PIXEL(1.00, -1.00, 1.00)
PIXEL(2.00, -1.00, 1.00)

PIXEL(-2.00, -2.00, 1.00)
PIXEL(-1.00, -2.00, 1.00)
PIXEL(0.00, -2.00, 1.00)
PIXEL(1.00, -2.00, 1.00)
PIXEL(2.00, -2.00, 1.00)

